Hello World!
Hello World!
Hello World!
Hello World!
Hello World!
Hello World!
Hello World!
Hello World!
Hello World!
Hello World!
 1  2  3  4  5  6  7  8  9 10 
11 12 13 14 15 16 17 18 19 20 
21 22 23 24 25 26 27 28 29 30 
31 32 33 34 35 36 37 38 39 40 
41 42 43 44 45 46 47 48 49 50 
51 52 53 54 55 56 57 58 59 60 
61 62 63 64 65 66 67 68 69 70 
71 72 73 74 75 76 77 78 79 80 
81 82 83 84 85 86 87 88 89 90 
91 92 93 94 95 96 97 98 99 100 
 26  86  70   4  38  87  93  89  77  76 
 53  13   9   2  80  94  67  64  17  88 
 15  37  33  27  61  45  98  10  31  32 
 28  42  41  12  92  73  39  36  57  72 
100  47  19  74  55   8  71  63  96  82 
 18  52  21   5  35  85  69   3  29  60 
  1  91   6  83   7  68  20  59  97  90 
 58  99  81  65  79  14  23  84  30  75 
 44  50  16  78  43  62  11  95  22  49 
 48  46  51  66  54  40  34  24  56  25 
